Total Votes 4324001
Cordin : 0.5571229053832318% (24090)
Correy : 16.28584267209929% (704200)
Khan : 51.30042754384192% (2218231)
Li : 11.400089870469502% (492940)
O'Tooley : 2.4428764008148933% (105630)
Seth : 0.9285381756387199% (40150)
Torres : 8.171135945620735% (353320)
Vestal : 8.91396648613171% (385440)
 Winner is Khan